%YAML:1.0
---
K: !!opencv-matrix
   rows: 3
   cols: 3
   dt: d
   data: [ 2.3158890036146104e+02, 0., 1.8566491016390751e+02, 0.,
       2.3210056019931400e+02, 1.2944277712955062e+02, 0., 0., 1. ]
D: !!opencv-matrix
   rows: 1
   cols: 5
   dt: d
   data: [ -4.5819988606789652e-01, 3.1804716298896613e-01,
       3.0217352427485506e-04, 7.6268424426444723e-04,
       -1.4834768796497064e-01 ]
board_width: 8
board_height: 6
square_size: 2.2500000894069672e-02
