%YAML:1.0
---
K1: !!opencv-matrix
   rows: 3
   cols: 3
   dt: d
   data: [ 2.3612306315367124e+02, 0., 1.6293526566097475e+02, 0.,
       2.3665440654944166e+02, 1.1138743212488257e+02, 0., 0., 1. ]
K2: !!opencv-matrix
   rows: 3
   cols: 3
   dt: d
   data: [ 2.3158890036146104e+02, 0., 1.8566491016390751e+02, 0.,
       2.3210056019931400e+02, 1.2944277712955062e+02, 0., 0., 1. ]
D1: !!opencv-matrix
   rows: 1
   cols: 5
   dt: d
   data: [ -4.5432622632983616e-01, 2.8948270058572190e-01,
       -2.7305247017227288e-03, 2.1633852373127975e-04,
       -1.2129552200429210e-01 ]
D2: !!opencv-matrix
   rows: 1
   cols: 5
   dt: d
   data: [ -4.5819988606789652e-01, 3.1804716298896613e-01,
       3.0217352427485506e-04, 7.6268424426444723e-04,
       -1.4834768796497064e-01 ]
R: !!opencv-matrix
   rows: 3
   cols: 3
   dt: d
   data: [ 9.9977950775327618e-01, 1.5634986499344136e-02,
       1.4017242017673492e-02, -1.4946477774738403e-02,
       9.9873808350194182e-01, -4.7946254963214655e-02,
       -1.4749192477758083e-02, 4.7726174789455539e-02,
       9.9875155747624267e-01 ]
T: [ -6.7911182668383904e-02, 1.5682553700074465e-03,
    -6.7771591949833312e-03 ]
E: !!opencv-matrix
   rows: 3
   cols: 3
   dt: d
   data: [ -1.2442515959019992e-04, 6.8434538158886928e-03,
       1.2413580906264531e-03, -7.7772999884942072e-03,
       3.1351801816724635e-03, 6.7731402379473657e-02,
       -5.5287659944827693e-04, -6.7850004078109621e-02,
       3.2341042640048685e-03 ]
F: !!opencv-matrix
   rows: 3
   cols: 3
   dt: d
   data: [ 7.9151923244529936e-07, -4.3436259509872137e-05,
       2.8446738168977975e-03, 4.9365514576713744e-05,
       -1.9855514065766387e-05, -1.0734510975788036e-01,
       -5.7224514080364075e-03, 1.1036907730691781e-01, 1. ]
R1: !!opencv-matrix
   rows: 3
   cols: 3
   dt: d
   data: [ 9.9345460902952498e-01, -2.6519302369070350e-03,
       1.1419679095321386e-01, 5.4112485923078126e-03,
       9.9970067337583957e-01, -2.3859632029128518e-02,
       -1.1409933473366839e-01, 2.4321408633377842e-02,
       9.9317159186890880e-01 ]
R2: !!opencv-matrix
   rows: 3
   cols: 3
   dt: d
   data: [ 9.9479482115374362e-01, -2.2972539411484236e-02,
       9.9275003090802866e-02, 2.0705915748959611e-02,
       9.9950223549676520e-01, 2.3802232877736418e-02,
       -9.9772385251070891e-02, -2.1622758148691697e-02,
       9.9477531506936523e-01 ]
P1: !!opencv-matrix
   rows: 3
   cols: 4
   dt: d
   data: [ 2.3437748337437785e+02, 0., 1.8756547069549561e+02, 0., 0.,
       2.3437748337437785e+02, 4.8754761457443237e+01, 0., 0., 0., 1.,
       0. ]
P2: !!opencv-matrix
   rows: 3
   cols: 4
   dt: d
   data: [ 2.3437748337437785e+02, 0., 1.8756547069549561e+02,
       -1.6000135654439205e+01, 0., 2.3437748337437785e+02,
       4.8754761457443237e+01, 0., 0., 0., 1., 0. ]
Q: !!opencv-matrix
   rows: 4
   cols: 4
   dt: d
   data: [ 1., 0., 0., -1.8756547069549561e+02, 0., 1., 0.,
       -4.8754761457443237e+01, 0., 0., 0., 2.3437748337437785e+02, 0.,
       0., 1.4648468515287263e+01, 0. ]
