%YAML:1.0
---
K: !!opencv-matrix
   rows: 3
   cols: 3
   dt: d
   data: [ 2.3612306315367124e+02, 0., 1.6293526566097475e+02, 0.,
       2.3665440654944166e+02, 1.1138743212488257e+02, 0., 0., 1. ]
D: !!opencv-matrix
   rows: 1
   cols: 5
   dt: d
   data: [ -4.5432622632983616e-01, 2.8948270058572190e-01,
       -2.7305247017227288e-03, 2.1633852373127975e-04,
       -1.2129552200429210e-01 ]
board_width: 8
board_height: 6
square_size: 2.2500000894069672e-02
